========== array size: 100 ==========
Running Time Results    (ms)
--------------------------------------------------------------------------------
  IS     1     0     0     0     0     0     0     0     0     0	|	 0.10
 TDM     1     0     0     0     0     0     0     0     0     0	|	 0.10
 BUM     1     0     0     0     0     0     0     0     0     0	|	 0.10
  RQ     1     0     0     0     0     0     0     0     1     0	|	 0.20
QD3P     0     0     0     1     0     0     0     0     0     0	|	 0.10
--------------------------------------------------------------------------------

========== array size: 1000 ==========
Running Time Results    (ms)
--------------------------------------------------------------------------------
  IS     4     4     2     3     1     1     0     1     1     1	|	 1.80
 TDM     0     0     0     1     0     0     0     0     1     0	|	 0.20
 BUM     1     0     1     0     0     1     0     1     0     1	|	 0.50
  RQ     1     0     1     0     0     0     1     0     0     0	|	 0.30
QD3P     0     1     0     0     0     0     1     0     0     0	|	 0.20
--------------------------------------------------------------------------------

========== array size: 5000 ==========
Running Time Results    (ms)
--------------------------------------------------------------------------------
  IS    27    22    22    23    23    23    23    22    23    22	|	 23.00
 TDM     3     1     1     1     1     1     1     1     1     1	|	 1.20
 BUM     5     4     4     5     4     5     4     5     4     4	|	 4.40
  RQ     0     1     1     1     0     1     1     0     1     1	|	 0.70
QD3P     0     1     1     1     0     1     1     1     0     1	|	 0.70
--------------------------------------------------------------------------------

========== array size: 10000 ==========
Running Time Results    (ms)
--------------------------------------------------------------------------------
  IS   100   103   123   112   148   115   113   102    97    92	|	 110.50
 TDM     3     3     3     2     2     1     2     1     2     1	|	 2.00
 BUM     2     1     1     2     1     2     1     2     1     1	|	 1.40
  RQ     2     1     2     1     2     1     2     1     2     1	|	 1.50
QD3P     2     2     1     2     1     2     1     2     1     2	|	 1.60
--------------------------------------------------------------------------------

========== array size: 50000 ==========
Running Time Results    (ms)
--------------------------------------------------------------------------------
  IS  2797  3554  4130  4012  2871  2852  3130  2907  2683  2948	|	 3188.40
 TDM     9     9     8     9     9     8     9     8     8     8	|	 8.50
 BUM     8     9     8     9     8     9     8     9     8     9	|	 8.50
  RQ     6     7     6     7     6     7     7     7     6     7	|	 6.60
QD3P     9     9     9     9     9     9     9     9     9    10	|	 9.10
--------------------------------------------------------------------------------

========== array size: 100000 ==========
Running Time Results    (ms)
--------------------------------------------------------------------------------
  IS 12492 10957 10874 11719 11420 12201 12230 11301 10782 11378	|	 11535.40
 TDM    18    19    18    18    18    18    19    18    18    18	|	 18.20
 BUM    19    18    18    18    17    18    18    19    18    19	|	 18.20
  RQ    14    13    13    14    14    14    14    13    13    14	|	 13.60
QD3P    20    20    19    19    20    20    19    20    20    19	|	 19.60
--------------------------------------------------------------------------------

